0.00000000000000e+00
3.06774983564874e+00
2.62126911812720e+00
1.02491987174449e+00
5.89242902185177e+00
3.86875118315274e+00
2.44511392139125e+00
1.94712745629822e+00
2.50556985664423e+00
3.91962943586201e-01
5.57095437173975e+00
2.09629249959860e+00
2.19766424500880e+00
7.77997899075867e+00
8.23036125722415e+00
2.43388220422455e+00
2.39560234907466e+00
1.71570252722934e+00
5.27539250047589e+00
4.91338822988705e+00
1.13340672425207e+00
5.21353147053208e+00
1.33602951423824e+00
2.42222914289675e+00
3.96448024038190e+00
1.09602615530042e+00
3.80924017502164e+00
2.68544625343041e+00
9.52120650077078e+00
3.66974607186571e+00
3.57084845860800e+01
3.09589743852353e+00
8.51994263670631e-01
2.87635752566468e+00
9.96545217005559e+00
1.93768287664136e+00
1.65308509400436e+00
1.17112740291975e+00
1.29882250118656e+00
4.62021929005670e+00
6.09538674129935e+00
4.98829579332821e+00
3.19662260150697e+00
2.03476468579197e+00
2.88321193379118e+00
5.52094258400015e+01
7.67912714904265e+00
1.81203097578560e+00
4.65162175727773e+00
1.04910078353710e+01
4.14403916783262e+00
1.39910071210216e+00
2.16105240196881e+00
4.79285122252006e+00
3.79339749051392e+00
2.33690648738856e+00
2.75332167465487e+00
2.91667433747217e+00
3.59284784053335e+01
4.41727228353627e+00
1.06187418788985e+00
2.11040408231808e+00
5.39848337445378e+00
5.79464122034161e+00
9.27694313580045e+00
4.58799433779396e+00
8.89407002871125e+00
2.99095952528206e+00
1.67718093098944e+00
2.23012645496511e+00
1.89191979441641e+00
9.25839135623054e+00
2.92369947466114e+00
1.34421825873498e+00
2.70557554489651e+00
5.90585316991555e+00
3.13806641842227e+01
1.09011115953092e+00
1.41412305554441e+00
2.26599671306588e+00
3.13072344836329e+00
6.16475792094114e+00
1.02037297801478e+01
3.12592929778553e+00
3.01935341565624e+00
1.88799226494755e+00
2.17956430209303e+01
1.64391581635760e+00
1.88279141369412e+00
4.18165594149519e+00
5.47086935091205e+00
8.34679344555752e+01
1.45064097117825e+00
6.25610611940505e+00
8.93871251717173e+00
1.58271800105458e+00
2.63669944539031e+00
2.71510943951818e+00
1.07761051721443e+01
0.00000000000000e+00
